,0
33,4180.28881037972
34,4087.7781493367133
35,3819.930352458135
36,3621.1730400840274
37,3812.886437778375
38,3432.914323115861
39,3826.242432949072
40,3763.427311639819
41,4828.015566820112
42,4085.503046806472
43,4573.1566711993355
44,4519.391845637541
45,4773.61946267541
46,4675.804951966264
47,4408.977816368091
48,4208.555648679581
49,4402.458832831864
50,4021.170927845005
51,4414.787419356865
52,4351.297581759012
53,5419.918025623416
54,4673.568015526535
55,5163.759036406588
56,5111.138097978101
57,5364.551359862152
58,5267.098947257963
59,5000.201653890814
60,4799.893231613982
61,4993.647103262695
62,4612.448923048651
63,5006.04568143003
64,4942.601832723465
65,6010.94779227679
66,5264.858999321465
67,5754.877301087253
68,5702.178516142243
69,5955.6471993225
70,5858.170145100266
71,5591.277624448144
72,5390.961461829921
73,5584.725495199263
74,5203.521208633514
75,5597.119309740929
76,5533.672331119857
77,6602.03697278472
78,5855.930400668196
79,6345.960458177951
80,6293.266971744733
81,6546.731882756829
82,6449.256505733704
83,6182.363660227077
84,5982.048024446001
85,6175.811366173614
86,5794.607495227289
87,6188.205504943268
88,6124.758739354748
89,7193.1221094564125
90,6447.016747445284
91,6937.046004822297
92,6884.352157755994
93,7137.817325513521
94,7040.341834335051
95,6773.449010939003
96,6573.133339299769
97,6766.89672810266
98,6385.69282886799
99,6779.29084480435
100,6715.844064716174
101,7784.2075213643875
102,7038.102076989718
103,7528.131388826257
104,7475.437566305765
105,7728.902716588398
106,7631.427233179697
107,7364.534408278734
108,7164.218739080119
109,7357.98212467892
110,6976.778227369643
111,7370.376242882624
112,7306.929463781341
113,8375.292914538926
114,7629.187475770175
115,8119.216783900029
116,8066.522959708874
117,8319.988111180903
118,8222.512627243366
119,7955.619802444832
120,7755.304133080101
121,7949.067518896982
122,7567.863621456657
123,7961.461636998455
124,7898.01485783
125,8966.37830898852
126,8220.272869838213
127,8710.302178220356
128,8657.60835414291
129,8911.073505533985
130,8813.598021632442
131,8546.705196826935
132,8346.389527473513
