,0
115,2602.397435065975
116,2675.219677292334
117,2632.085854769389
118,2633.9439035449004
119,2684.4452934829383
120,2692.059241584325
121,2747.4844353222984
122,2750.407041351821
123,2684.352670291146
124,2687.032847758789
125,2754.5854802870504
126,2699.5275249391993
127,2747.100208920264
128,2786.3902946764174
129,2722.7473864706053
130,2712.061577653154
131,2754.8908379923582
132,2757.8123242936117
133,2810.3674938144427
134,2811.5347229527238
135,2744.406720522704
136,2746.430238829005
137,2813.5812425799345
138,2758.2776412649273
139,2805.7000821743136
140,2844.8982755992047
141,2781.1991637997726
142,2770.478979492088
143,2813.2872149420873
144,2816.19584190772
145,2868.7431463448856
146,2869.9055650059486
147,2802.7746203706
148,2804.7963391522794
149,2871.9462422700103
150,2816.641967780863
151,2864.0639969605077
152,2903.2619385614353
153,2839.5626727403182
154,2828.8423942292097
155,2871.6505720620953
156,2874.5591637876933
157,2927.106446671194
158,2928.2688521495093
159,2861.1378994512697
160,2863.159613301488
161,2930.3095134030177
162,2875.0052370690873
163,2922.4272651204183
164,2961.6252060312413
165,2897.925939788039
166,2887.2056610187738
167,2930.013838693764
168,2932.9224303227893
169,2985.469713147224
170,2986.632118589412
171,2919.501165869078
172,2921.5228797057825
173,2988.6727797990457
174,2933.3685034600594
175,2980.790531508298
176,3019.98847241723
177,2956.2892061728708
178,2945.5689274028978
179,2988.377105077455
180,2991.285696706216
181,3043.832979530489
182,3044.9953849725784
183,2977.864432252183
184,2979.8861460888506
185,3047.036046182091
186,2991.731769843092
187,3039.153797891322
188,3078.351738800249
189,3014.652472555887
190,3003.932193785912
191,3046.7403714604684
192,3049.6489630892283
193,3102.1962459135007
194,3103.3586513555897
195,3036.227698635195
196,3038.249412471862
197,3105.3993125651027
198,3050.095036226103
199,3097.5170642743333
200,3136.71500518326
201,3073.015738938898
202,3062.295460168923
203,3105.103637843479
204,3108.012229472239
205,3160.5595122965115
206,3161.721917738601
207,3094.5909650182057
208,3096.612678854873
209,3163.7625789481135
210,3108.458302609114
211,3155.8803306573445
212,3195.0782715662713
213,3131.379005321909
214,3120.6587265519343
